30
4
0 20 42 35
20 0 30 34
42 30 0 12
35 34 12 0 
2
0 111
111 0
8
0 467 923 758 334 500 421 764 
467 0 169 724 478 358 962 464 
923 169 0 705 145 281 827 961 
758 724 705 0 491 995 942 827 
334 478 145 491 0 436 391 604 
500 358 281 995 436 0 902 153 
421 962 827 942 391 902 0 292 
764 464 961 827 604 153 292 0 
7
0 799 962 464 8 421 318 
799 0 716 718 895 447 726 
962 716 0 771 538 869 912 
464 718 771 0 667 299 35 
8 895 538 667 0 894 703 
421 447 869 299 894 0 811 
318 726 912 35 703 811 0 
5
0 667 299 35 7 
667 0 333 673 664 
299 333 0 141 711 
35 673 141 0 253 
7 664 711 253 0 
4
0 141 64 547 
141 0 644 662 
64 644 0 757 
547 662 757 0 
6
0 859 461 764 4 723 
859 0 741 529 778 316 
461 741 0 35 190 842 
764 529 35 0 288 106 
4 778 190 288 0 40 
723 316 842 106 40 0 
10
0 264 352 764 648 446 320 764 805 890 
264 0 729 370 350 6 101 393 548 629 
352 729 0 623 84 954 756 840 966 376 
764 370 623 0 931 308 944 439 626 323 
648 350 84 931 0 537 538 118 82 929 
446 6 954 308 537 0 541 833 115 639 
320 101 756 944 538 541 0 658 704 930 
764 393 840 439 118 833 658 0 977 306 
805 548 966 626 82 115 704 977 0 673 
890 629 376 323 929 639 930 306 673 0 
3
0 1 2
1 0 4
2 4 0
5
0 439 10 745 10 
439 0 924 72 270 
10 924 0 829 777 
745 72 829 0 573 
10 270 777 573 0 
4
0 829 64 512 
829 0 986 290 
64 986 0 161 
512 290 161 0 
2
0 290 
290 0 
3
0 767 104 
767 0 655 
104 655 0 
9
0 31 3 52 11 350 578 764 1 
31 0 150 941 724 966 430 107 191 
3 150 0 7 337 457 287 753 383 
52 941 7 0 945 909 209 758 221 
11 724 337 945 0 588 422 946 506 
350 966 457 909 588 0 30 413 168 
578 430 287 209 422 30 0 900 591 
764 107 753 758 946 413 900 0 762 
1 191 383 221 506 168 591 762 0 
5
0 209 422 30 9 
209 0 410 359 624 
422 410 0 537 548 
30 359 537 0 483 
9 624 548 483 0 
7
0 799 5 41 5 602 318 
799 0 350 291 836 374 20 
5 350 0 596 21 348 199 
41 291 596 0 668 484 281 
5 836 21 668 0 734 53 
602 374 348 484 734 0 999 
318 20 199 281 53 999 0 
7
0 799 5 41 7 938 318 
799 0 900 788 127 467 728 
5 900 0 893 648 483 807 
41 788 893 0 421 310 617 
7 127 648 421 0 813 514 
938 467 483 310 813 0 309 
318 728 807 617 514 309 0 
4
0 483 64 935 
483 0 451 600 
64 451 0 249 
935 600 249 0 
8
0 137 370 764 556 798 421 764 
137 0 303 224 8 844 609 989 
370 303 0 702 195 485 93 343 
764 224 702 0 523 587 314 503 
556 8 195 523 0 448 200 458 
798 844 485 587 448 0 618 580 
421 609 93 314 200 618 0 796 
764 989 343 503 458 580 796 0 
3
0 281 104 
281 0 589 
104 589 0 
8
0 764 648 137 712 137 421 764 
764 0 9 157 472 622 538 292 
648 9 0 38 179 190 657 958 
137 157 38 0 191 815 888 156 
712 472 179 191 0 511 202 634 
137 622 190 815 511 0 272 55 
421 538 657 888 202 272 0 328 
764 292 958 156 634 55 328 0 
8
0 764 648 137 712 137 421 764 
764 0 362 886 875 433 869 142 
648 362 0 844 416 881 998 322 
137 886 844 0 651 21 699 557 
712 875 416 651 0 476 892 389 
137 433 881 21 476 0 75 712 
421 869 998 699 892 75 0 600 
764 142 322 557 389 712 600 0 
2
0 712 
712 0 
4
0 869 64 861 
869 0 688 401 
64 688 0 789 
861 401 789 0 
9
0 423 578 764 1 2 352 764 585 
423 0 182 285 88 426 617 757 832 
578 182 0 932 169 154 721 189 976 
764 285 932 0 329 368 692 425 555 
1 88 169 329 0 434 549 441 512 
2 426 154 368 434 0 145 60 718 
352 617 721 692 549 145 0 753 139 
764 757 189 425 441 60 753 0 423 
585 832 976 555 512 718 139 423 0 
10
0 996 9 687 529 549 583 758 437 866 
996 0 949 193 195 297 416 286 105 488 
9 949 0 282 455 734 114 701 316 671 
687 193 282 0 786 263 313 355 185 53 
529 195 455 786 0 912 808 832 945 313 
549 297 734 263 912 0 756 321 558 646 
583 416 114 313 808 756 0 982 481 144 
758 286 701 355 832 321 982 0 196 222 
437 105 316 185 945 558 481 196 0 129 
866 488 671 53 313 646 144 222 129 0 
5
0 355 832 321 10 
355 0 535 450 173 
832 535 0 466 44 
321 450 466 0 659 
10 173 44 659 0 
2
0 222 
222 0 
6
0 253 461 764 2 24 
253 0 154 510 745 649 
461 154 0 186 313 474 
764 510 186 0 22 168 
2 745 313 22 0 18 
24 649 474 168 18 0 
10
0 905 352 764 958 391 320 764 202 625 
905 0 477 414 314 824 334 874 372 159 
352 477 0 833 70 487 297 518 177 773 
764 414 833 0 270 763 668 192 985 102 
958 314 70 270 0 480 213 627 802 99 
391 824 487 763 480 0 527 625 543 924 
320 334 297 668 213 527 0 23 972 61 
764 874 518 192 627 625 23 0 181 3 
202 372 177 985 802 543 972 181 0 432 
625 159 773 102 99 924 61 3 432 0 
